31424      1984 11  7  8 21 42   312  36.45575 -121.03280   4.977   34  -21    9  1.73  1.76  0.03 0.83
75019      1986  6 20  1 37 11   902  36.45601 -121.03320   4.990   -2    7   22  1.75  1.73  0.01 0.77
112576     1988  2 20  3 59  5  1512  36.45584 -121.03319   5.010    0  -11   42  1.65  1.70  0.01 0.84
147374     1989 11 13 23 36 17  2144  36.45597 -121.03320   4.959    0    3   -8  1.75  1.79  0.01 0.78
236562     1991 11  4 18 42 15  2865  36.45596 -121.03320   4.938   -2    2  -29  1.76  1.72  0.01 0.81
368676     1993  7 21 20 51 48  3490  36.45591 -121.03324   4.971   -4   -4    4  1.65  1.72  0.01 0.79
30068288   1995  2 20  9 13 44  4069  36.45596 -121.03329   4.953  -10    2  -14  1.80  1.73  0.01 0.83
490792     1997  1 12 18 30 30  4761  36.45598 -121.03324   4.948   -5    4  -20  1.69  1.73  0.01 0.86
21142181   2001  1  4 14 16 34  6214  36.45594 -121.03324   4.956   -4    0  -12  1.81  1.71  0.01 0.81
21269282   2003  2 28  1  9  3  6999  36.45596 -121.03326   4.963   -6    2   -5  1.76  1.71  0.01 0.86
21434869   2005  1 21 15 57 44  7692  36.45594 -121.03323   4.978   -4    0   11  1.70  1.70  0.01 0.84
51176842   2006 12 16  2 43 35  8386  36.45594 -121.03320   4.963   -1   -1   -4  1.83  1.74  0.01 0.86
51212810   2008 12 11 17 42  6  9112  36.45595 -121.03313   4.966    5    1   -1  1.68  1.75  0.01 0.84
71498405   2010 12 18  8 53  1  9849  36.45593 -121.03318   4.977    1   -1    9  1.70  1.76  0.01 0.82
71787446   2012  5 18 10 57 10 10366  36.45603 -121.03324   4.964   -4   10   -4  1.68  1.64  0.01 0.83
72145110   2014  1 22 22 16 16 10980  36.45600 -121.03316   4.967    2    7   -1  1.69  1.74  0.01 0.76
